0.2685747
-0.8598461
-0.9112921
0.090647765
-0.1646135
0.70107967
-0.29360873
0.42123652
-0.1997724
-0.29063782
0.36498794
0.4171562
-0.54220647
-0.36299765
0.37784514
0.55999
-0.68602085
-0.23049566
0.57276505
0.3044163
0.659159
-0.50084454
-0.7974206
-0.43586457
0.73967445
-1.1793209
-0.21599406
-0.5472645
-0.41993576
0.12897894
0.91293186
0.26510227
0.7389566
-0.6940121
-0.5449377
-0.890398
-0.96310997
0.013207227
-0.15401718
0.6631961
-0.32223588
0.40192813
-0.21800146
-0.29479554
0.2821028
0.40693963
-0.57962203
-0.4102306
0.3469404
0.5175582
-0.7126284
-0.28856465
0.57628083
0.29918167
0.61319697
-0.50332963
-0.861618
-0.43348777
0.64280105
-1.2064167
-0.24431796
-0.57154346
-0.452746
0.045592546
0.9340756
0.15301213
0.6832806
-0.7421498
-0.5970581
0.25148183
-0.8456983
0.049000934
0.06769278
0.92367065
-0.19077231
0.31596628
-0.095961325
-0.1891649
0.16214237
0.52248424
-0.40314496
-0.34948263
0.3827234
0.92837626
-0.5830632
-0.5291968
0.5894149
0.46052888
0.35323355
-0.59078056
-0.503332
-0.2868918
0.62909824
-1.2750195
-0.15261672
-0.7731027
-0.47859728
0.39097273
1.1679826
0.21736751
0.7767127
-0.63673496
-0.59797955
0.54419136
-0.265791
0.10321084
-0.10530156
0.6702209
-0.37267482
0.39237666
-0.12667719
-0.3032975
0.23128805
0.34551585
-0.60770303
-0.29749176
0.42217872
0.49869022
-0.67381984
-0.22359727
0.646321
0.26642793
0.5751282
-0.4169485
-0.7624342
-0.5016237
0.65894276
-1.1608257
-0.3049314
-0.5410763
-0.4793012
0.122674674
0.94319975
0.20983201
0.75831187
-0.8604115
-0.5048973
0.33375937
-0.595682
-0.93717194
-0.24733794
0.59407437
-0.41449624
0.40060073
-0.26249546
-0.339043
0.3221693
0.36407027
-0.60431814
-0.47064462
0.29671168
0.4985191
-0.7345001
-0.28483856
0.500938
0.241384
0.50347155
-0.5204865
-0.8694603
-0.46762532
0.6946354
-1.2820982
-0.2477113
-0.7130621
-0.4923466
0.067863524
0.8756355
0.1709867
0.5761047
-0.7187653
-0.65919304
0.2624668
-0.5380935
-0.9588115
0.050259948
0.600283
-0.43444833
0.30319452
-0.20107639
-0.36146998
0.2732077
0.3940856
-0.6116421
-0.43722388
0.26470748
0.49645984
-0.7590725
-0.30176738
0.5300344
0.20691691
0.5871892
-0.6462848
-0.8378975
-0.48726106
0.67400527
-1.2186171
-0.3304671
-0.5945632
-0.58221215
0.043245714
0.8770749
0.20571193
0.6294119
-0.86283803
-0.55434173
0.17938067
-0.5743745
-0.9207724
0.0938132
-0.16676226
-0.3726727
0.32940546
-0.25221157
-0.28372875
0.25919253
0.35177174
-0.56857306
-0.41471136
0.28689224
0.5062286
-0.7137261
-0.30962074
0.53900844
0.29578346
0.5783879
-0.58538425
-0.9181689
-0.43608245
0.6380047
-1.2305982
-0.23384576
-0.63692576
-0.47585437
-0.0036467593
0.8697663
0.18063968
0.6598712
-0.7623163
-0.6221009
0.2925405
-0.60357946
-0.9453995
0.13958085
-0.07558184
-0.07069766
0.34031844
-0.28147554
-0.37376356
0.32941753
0.32155386
-0.61063105
-0.4024754
0.31767753
0.49358195
-0.77094686
-0.2771142
0.50029266
0.23009107
0.61196846
-0.56515193
-0.8920541
-0.5344683
0.69614595
-1.245055
-0.278602
-0.5846605
-0.5180721
0.05752833
0.79584706
0.20195751
0.64769095
-0.74369377
-0.6008944
0.2029569
-0.53853184
-1.0356445
0.11070522
-0.08872014
-0.0663927
-0.120743655
-0.22279046
-0.3338986
0.28891084
0.40938255
-0.60740066
-0.40284196
0.35926613
0.53746164
-0.7129834
-0.28756037
0.5645976
0.25013992
0.61299926
-0.5183337
-0.8436705
-0.44696444
0.66292
-1.2026817
-0.23924154
-0.5854316
-0.4459469
0.05962889
0.91118616
0.18201727
0.6813476
-0.7358927
-0.5506433
0.27762198
-0.5873293
-0.89487445
0.08443528
-0.062182106
-0.00822309
-0.0682554
-0.9223538
-0.35160136
0.2546236
0.3409087
-0.55643034
-0.48334566
0.29743353
0.54584044
-0.70328873
-0.32375053
0.5197291
0.26649645
0.53096366
-0.5681434
-0.81627506
-0.46053892
0.60661143
-1.2732327
-0.24636692
-0.64740217
-0.48697335
0.123075254
0.8515914
0.14726567
0.6080889
-0.7407948
-0.6351867
0.2798124
-0.5408251
-0.96438664
0.13487318
-0.14426538
-0.06781332
-0.10366073
-0.9193898
0.013498117
-0.32502568
0.36613512
0.6739061
-0.09853196
-0.05235362
-0.29089582
0.45255744
-0.24543606
-0.052320957
-0.74913204
-0.7714778
-0.30051625
0.1802882
0.38463628
0.45407766
-0.59495664
0.44705284
-0.93178594
-0.3556242
-0.61340404
-0.67892385
-0.41589966
0.9892731
-0.9231142
-0.31882656
-0.19487666
0.5897985
-0.44138673
0.31965047
0.12856285
0.26917905
-0.31600937
0.22828253
-0.16901807
-1.0249057
-0.57467383
0.52310115
-0.09351959
-0.30222058
0.7079736
0.24848479
-0.058967665
-0.62498164
-0.9074202
0.2955072
0.3335731
0.43423706
-0.48467016
-0.7711843
-0.26087868
0.43033126
0.2527483
-1.1808408
-0.58234113
-0.4988362
-0.94934005
-0.17131922
-0.67898166
0.035160024
0.53459513
-0.26630828
-0.7455124
0.4817136
0.8639002
0.36613512
0.6739061
-0.09853196
-0.05235362
-0.29089582
0.45255744
-0.39631236
-0.06357713
-0.74913204
-0.7714778
-0.30051625
0.1802882
0.38463628
0.25277352
-0.6468672
0.44705284
-0.93178594
-0.3556242
-0.61340404
-0.67892385
-0.53532994
0.938534
-0.9231142
-0.31882656
-0.19487666
0.5897985
-0.44138673
0.38315982
0.12812743
0.26917905
-0.31600937
0.22828253
-0.16901807
-1.0249057
-0.541809
0.49339765
-0.09351959
-0.30222058
0.7079736
0.24848479
-0.058967665
-0.65890676
-0.9384728
0.2955072
0.3335731
0.43423706
-0.48467016
-0.7711843
-0.14404374
0.44824177
0.2527483
-1.1808408
-0.58234113
-0.4988362
-0.94934005
-0.0050980425
-0.64440113
0.035160024
0.53459513
-0.26630828
-0.7455124
0.4817136
0.8333281
-0.048977766
0.6739061
-0.09853196
-0.05235362
-0.29089582
0.45255744
-0.39631236
-0.052320957
-0.77664644
-0.7714778
-0.30051625
0.1802882
0.38463628
0.25277352
-0.59495664
0.4142046
-0.93178594
-0.3556242
-0.61340404
-0.67892385
-0.53532994
0.9892731
-0.9288482
-0.31882656
-0.19487666
0.5897985
-0.44138673
0.38315982
0.12856285
0.21534134
-0.31600937
0.22828253
-0.16901807
-1.0249057
-0.541809
0.52310115
-0.15793586
-0.30222058
0.7079736
0.24848479
-0.058967665
-0.65890676
-0.9074202
0.2827652
0.3335731
0.43423706
-0.48467016
-0.7711843
-0.14404374
0.43033126
0.2062151
-1.1808408
-0.58234113
-0.4988362
-0.94934005
-0.0050980425
-0.67898166
-0.10875954
0.53459513
-0.26630828
-0.7455124
0.4817136
0.8333281
-0.011853345
0.11940643
-0.09853196
-0.05235362
-0.29089582
0.45255744
-0.39631236
-0.052320957
-0.74913204
-0.80360085
-0.30051625
0.1802882
0.38463628
0.25277352
-0.59495664
0.44705284
-0.9949513
-0.3556242
-0.61340404
-0.67892385
-0.53532994
0.9892731
-0.9231142
-0.3729614
-0.19487666
0.5897985
-0.44138673
0.38315982
0.12856285
0.26917905
-0.2315536
0.22828253
-0.16901807
-1.0249057
-0.541809
0.52310115
-0.09351959
-0.22004595
0.7079736
0.24848479
-0.058967665
-0.65890676
-0.9074202
0.2955072
0.3659704
0.43423706
-0.48467016
-0.7711843
-0.14404374
0.43033126
0.2527483
-1.089677
-0.58234113
-0.4988362
-0.94934005
-0.0050980425
-0.67898166
0.035160024
0.66513795
-0.26630828
-0.7455124
0.4817136
0.8333281
-0.011853345
0.111072026
-0.81625354
-0.05235362
-0.29089582
0.45255744
-0.39631236
-0.052320957
-0.74913204
-0.7714778
-0.28327692
0.1802882
0.38463628
0.25277352
-0.59495664
0.44705284
-0.93178594
-0.32515875
-0.61340404
-0.67892385
-0.53532994
0.9892731
-0.9231142
-0.31882656
-0.16752842
0.5897985
-0.44138673
0.38315982
0.12856285
0.26917905
-0.31600937
0.19726767
-0.16901807
-1.0249057
-0.541809
0.52310115
-0.09351959
-0.30222058
0.6713543
0.24848479
-0.058967665
-0.65890676
-0.9074202
0.2955072
0.3335731
0.41735154
-0.48467016
-0.7711843
-0.14404374
0.43033126
0.2527483
-1.1808408
-0.6430764
-0.4988362
-0.94934005
-0.0050980425
-0.67898166
0.035160024
0.53459513
-0.38278267
-0.7455124
0.4817136
0.8333281
-0.011853345
0.111072026
-0.8351749
-1.0045017
-0.29089582
0.45255744
-0.39631236
-0.052320957
-0.74913204
-0.7714778
-0.30051625
0.11541708
0.38463628
0.25277352
-0.59495664
0.44705284
-0.93178594
-0.3556242
-0.73048896
-0.67892385
-0.53532994
0.9892731
-0.9231142
-0.31882656
-0.19487666
0.49044457
-0.44138673
0.38315982
0.12856285
0.26917905
-0.31600937
0.22828253
-0.17505646
-1.0249057
-0.541809
0.52310115
-0.09351959
-0.30222058
0.7079736
0.20535406
-0.058967665
-0.65890676
-0.9074202
0.2955072
0.3335731
0.43423706
-0.5515613
-0.7711843
-0.14404374
0.43033126
0.2527483
-1.1808408
-0.58234113
-0.46205348
-0.94934005
-0.0050980425
-0.67898166
0.035160024
0.53459513
-0.26630828
-0.68517053
0.4817136
0.8333281
-0.011853345
0.111072026
-0.8351749
-1.025838
0.24291189
0.45255744
-0.39631236
-0.052320957
-0.74913204
-0.7714778
-0.30051625
0.1802882
0.36770803
0.25277352
-0.59495664
0.44705284
-0.93178594
-0.3556242
-0.61340404
-0.6778842
-0.53532994
0.9892731
-0.9231142
-0.31882656
-0.19487666
0.5897985
-0.41991413
0.38315982
0.12856285
0.26917905
-0.31600937
0.22828253
-0.16901807
-1.0716599
-0.541809
0.52310115
-0.09351959
-0.30222058
0.7079736
0.24848479
-0.10059398
-0.65890676
-0.9074202
0.2955072
0.3335731
0.43423706
-0.48467016
-0.76597035
-0.14404374
0.43033126
0.2527483
-1.1808408
-0.58234113
-0.4988362
-0.9844656
-0.0050980425
-0.67898166
0.035160024
0.53459513
-0.26630828
-0.7455124
0.45753768
0.8333281
-0.011853345
0.111072026
-0.8351749
-1.025838
0.28982627
0.11505261
-0.39631236
-0.052320957
-0.74913204
-0.7714778
-0.30051625
0.1802882
0.38463628
0.29164684
-0.59495664
0.44705284
-0.93178594
-0.3556242
-0.61340404
-0.67892385
-0.5015364
0.9892731
-0.9231142
-0.31882656
-0.19487666
0.5897985
-0.44138673
0.3853597
0.12856285
0.26917905
-0.31600937
0.22828253
-0.16901807
-1.0249057
-0.5660734
0.52310115
-0.09351959
-0.30222058
0.7079736
0.24848479
-0.058967665
-0.69714916
-0.9074202
0.2955072
0.3335731
0.43423706
-0.48467016
-0.7711843
-0.16998853
0.43033126
0.2527483
-1.1808408
-0.58234113
-0.4988362
-0.94934005
-0.052572012
-0.67898166
0.035160024
0.53459513
-0.26630828
-0.7455124
0.4817136
0.73000216
-0.011853345
0.111072026
-0.8351749
-1.025838
0.28982627
0.11884493
-0.11302648
-0.052320957
-0.74913204
-0.7714778
-0.30051625
0.1802882
0.38463628
0.25277352
-0.6298198
0.44705284
-0.93178594
-0.3556242
-0.61340404
-0.67892385
-0.53532994
0.8981927
-0.9231142
-0.31882656
-0.19487666
0.5897985
-0.44138673
0.38315982
0.037798848
0.26917905
-0.31600937
0.22828253
-0.16901807
-1.0249057
-0.541809
0.54707766
-0.09351959
-0.30222058
0.7079736
0.24848479
-0.058967665
-0.65890676
-0.9238765
0.2955072
0.3335731
0.43423706
-0.48467016
-0.7711843
-0.14404374
0.36530077
0.2527483
-1.1808408
-0.58234113
-0.4988362
-0.94934005
-0.0050980425
-0.64834756
0.035160024
0.53459513
-0.26630828
-0.7455124
0.4817136
0.8333281
-0.02638663
0.111072026
-0.8351749
-1.025838
0.28982627
0.11884493
-0.11897287
-0.9802669
-0.74913204
-0.7714778
-0.30051625
0.1802882
0.38463628
0.25277352
-0.59495664
0.29360628
-0.93178594
-0.3556242
-0.61340404
-0.67892385
-0.53532994
0.9892731
-1.1108583
-0.31882656
-0.19487666
0.5897985
-0.44138673
0.38315982
0.12856285
0.14574042
-0.31600937
0.22828253
-0.16901807
-1.0249057
-0.541809
0.52310115
-0.1273318
-0.30222058
0.7079736
0.24848479
-0.058967665
-0.65890676
-0.9074202
0.24031538
0.3335731
0.43423706
-0.48467016
-0.7711843
-0.14404374
0.43033126
0.18774715
-1.1808408
-0.58234113
-0.4988362
-0.94934005
-0.0050980425
-0.67898166
0.050205126
0.53459513
-0.26630828
-0.7455124
0.4817136
0.8333281
-0.011853345
0.21411055
-0.8351749
-1.025838
0.28982627
0.11884493
-0.11897287
-0.96623915
-0.24749245
-0.7714778
-0.30051625
0.1802882
0.38463628
0.25277352
-0.59495664
0.44705284
-0.92292213
-0.3556242
-0.61340404
-0.67892385
-0.53532994
0.9892731
-0.9231142
-0.28006062
-0.19487666
0.5897985
-0.44138673
0.38315982
0.12856285
0.26917905
-0.27885562
0.22828253
-0.16901807
-1.0249057
-0.541809
0.52310115
-0.09351959
-0.4254964
0.7079736
0.24848479
-0.058967665
-0.65890676
-0.9074202
0.2955072
0.22609808
0.43423706
-0.48467016
-0.7711843
-0.14404374
0.43033126
0.2527483
-1.1792644
-0.58234113
-0.4988362
-0.94934005
-0.0050980425
-0.67898166
0.035160024
0.3997706
-0.26630828
-0.7455124
0.4817136
0.8333281
-0.011853345
0.111072026
-0.96441215
-1.025838
0.28982627
0.11884493
-0.11897287
-0.96623915
-0.19591205
0.59563553
-0.30051625
0.1802882
0.38463628
0.25277352
-0.59495664
0.44705284
-0.93178594
-0.3453425
-0.61340404
-0.67892385
-0.53532994
0.9892731
-0.9231142
-0.31882656
-0.15586059
0.5897985
-0.44138673
0.38315982
0.12856285
0.26917905
-0.31600937
0.2641766
-0.16901807
-1.0249057
-0.541809
0.52310115
-0.09351959
-0.30222058
0.6315887
0.24848479
-0.058967665
-0.65890676
-0.9074202
0.2955072
0.3335731
0.38030377
-0.48467016
-0.7711843
-0.14404374
0.43033126
0.2527483
-1.1808408
-0.57747364
-0.4988362
-0.94934005
-0.0050980425
-0.67898166
0.035160024
0.53459513
-0.3184909
-0.7455124
0.4817136
0.8333281
-0.011853345
0.111072026
-0.8351749
-1.1101091
0.28982627
0.11884493
-0.11897287
-0.96623915
-0.19591205
0.60717094
-0.8597555
0.1802882
0.38463628
0.25277352
-0.59495664
0.44705284
-0.93178594
-0.3556242
-0.64360267
-0.67892385
-0.53532994
0.9892731
-0.9231142
-0.31882656
-0.19487666
0.4834207
-0.44138673
0.38315982
0.12856285
0.26917905
-0.31600937
0.22828253
-0.271285
-1.0249057
-0.541809
0.52310115
-0.09351959
-0.30222058
0.7079736
0.28758672
-0.058967665
-0.65890676
-0.9074202
0.2955072
0.3335731
0.43423706
-0.5031239
-0.7711843
-0.14404374
0.43033126
0.2527483
-1.1808408
-0.58234113
-0.5622654
-0.94934005
-0.0050980425
-0.67898166
0.035160024
0.53459513
-0.26630828
-0.7015583
0.4817136
0.8333281
-0.011853345
0.111072026
-0.8351749
-1.025838
0.2687806
0.11884493
-0.11897287
-0.96623915
-0.19591205
0.60717094
-0.9000404
-0.36977732
0.38463628
0.25277352
-0.59495664
0.44705284
-0.93178594
-0.3556242
-0.61340404
-0.7513145
-0.53532994
0.9892731
-0.9231142
-0.31882656
-0.19487666
0.5897985
-0.5205981
0.38315982
0.12856285
0.26917905
-0.31600937
0.22828253
-0.16901807
-1.0689409
-0.541809
0.52310115
-0.09351959
-0.30222058
0.7079736
0.24848479
0.012988691
-0.65890676
-0.9074202
0.2955072
0.3335731
0.43423706
-0.48467016
-0.6921932
-0.14404374
0.43033126
0.2527483
-1.1808408
-0.58234113
-0.4988362
-0.9178514
-0.0050980425
-0.67898166
0.035160024
0.53459513
-0.26630828
-0.7455124
0.57273716
0.8333281
-0.011853345
0.111072026
-0.8351749
-1.025838
0.28982627
0.26271436
-0.11897287
-0.96623915
-0.19591205
0.60717094
-0.9000404
-0.3612238
0.89106935
0.25277352
-0.59495664
0.44705284
-0.93178594
-0.3556242
-0.61340404
-0.67892385
-0.45133653
0.9892731
-0.9231142
-0.31882656
-0.19487666
0.5897985
-0.44138673
0.5033708
0.12856285
0.26917905
-0.31600937
0.22828253
-0.16901807
-1.0249057
-0.44875434
0.52310115
-0.09351959
-0.30222058
0.7079736
0.24848479
-0.058967665
-0.7315637
-0.9074202
0.2955072
0.3335731
0.43423706
-0.48467016
-0.7711843
-0.21459927
0.43033126
0.2527483
-1.1808408
-0.58234113
-0.4988362
-0.94934005
-0.001929922
-0.67898166
0.035160024
0.53459513
-0.26630828
-0.7455124
0.4817136
0.7203875
-0.011853345
0.111072026
-0.8351749
-1.025838
0.28982627
0.11884493
-0.22436094
-0.96623915
-0.19591205
0.60717094
-0.9000404
-0.3612238
0.89500463
0.2756894
-0.59495664
0.44705284
-0.93178594
-0.3556242
-0.61340404
-0.67892385
-0.53532994
1.0584311
-0.9231142
-0.31882656
-0.19487666
0.5897985
-0.44138673
0.38315982
0.21380424
0.26917905
-0.31600937
0.22828253
-0.16901807
-1.0249057
-0.541809
0.5710127
-0.09351959
-0.30222058
0.7079736
0.24848479
-0.058967665
-0.65890676
-0.88514405
0.2955072
0.3335731
0.43423706
-0.48467016
-0.7711843
-0.14404374
0.46642
0.2527483
-1.1808408
-0.58234113
-0.4988362
-0.94934005
-0.0050980425
-0.6459331
0.035160024
0.53459513
-0.26630828
-0.7455124
0.4817136
0.8333281
0.024507899
0.111072026
-0.8351749
-1.025838
0.28982627
0.11884493
-0.11897287
-1.0072906
-0.19591205
0.60717094
-0.9000404
-0.3612238
0.89500463
0.2832016
-0.80848664
0.44705284
-0.93178594
-0.3556242
-0.61340404
-0.67892385
-0.53532994
0.9892731
-0.95234513
-0.31882656
-0.19487666
0.5897985
-0.44138673
0.38315982
0.12856285
0.1938572
-0.31600937
0.22828253
-0.16901807
-1.0249057
-0.541809
0.52310115
-0.22523922
-0.30222058
0.7079736
0.24848479
-0.058967665
-0.65890676
-0.9074202
0.35177067
0.3335731
0.43423706
-0.48467016
-0.7711843
-0.14404374
0.43033126
0.28994635
-1.1808408
-0.58234113
-0.4988362
-0.94934005
-0.0050980425
-0.67898166
-0.03015349
0.53459513
-0.26630828
-0.7455124
0.4817136
0.8333281
-0.011853345
0.10838237
-0.8351749
-1.025838
0.28982627
0.11884493
-0.11897287
-0.96623915
-0.2228916
0.60717094
-0.9000404
-0.3612238
0.89500463
0.2832016
-0.8385908
0.7667865
-0.93178594
-0.3556242
-0.61340404
-0.67892385
-0.53532994
0.9892731
-0.9231142
-0.3683608
-0.19487666
0.5897985
-0.44138673
0.38315982
0.12856285
0.26917905
-0.39958113
0.22828253
-0.16901807
-1.0249057
-0.541809
0.52310115
-0.09351959
-0.37249234
0.7079736
0.24848479
-0.058967665
-0.65890676
-0.9074202
0.2955072
0.39035282
0.43423706
-0.48467016
-0.7711843
-0.14404374
0.43033126
0.2527483
-1.1520274
-0.58234113
-0.4988362
-0.94934005
-0.0050980425
-0.67898166
0.035160024
0.49932083
-0.26630828
-0.7455124
0.4817136
0.8333281
-0.011853345
0.111072026
-0.7847088
-1.025838
0.28982627
0.11884493
-0.11897287
-0.96623915
-0.19591205
0.6014731
-0.9000404
-0.3612238
0.89500463
0.2832016
-0.8385908
0.80638653
-0.37855023
-0.3556242
-0.61340404
-0.67892385
-0.53532994
0.9892731
-0.9231142
-0.31882656
-0.20817284
0.5897985
-0.44138673
0.38315982
0.12856285
0.26917905
-0.31600937
0.16250125
-0.16901807
-1.0249057
-0.541809
0.52310115
-0.09351959
-0.30222058
0.6043554
0.24848479
-0.058967665
-0.65890676
-0.9074202
0.2955072
0.3335731
0.48765773
-0.48467016
-0.7711843
-0.14404374
0.43033126
0.2527483
-1.1808408
-0.57066643
-0.4988362
-0.94934005
-0.0050980425
-0.67898166
0.035160024
0.53459513
-0.34434044
-0.7455124
0.4817136
0.8333281
-0.011853345
0.111072026
-0.8351749
-0.9979127
0.28982627
0.11884493
-0.11897287
-0.96623915
-0.19591205
0.60717094
-0.81877893
-0.3612238
0.89500463
0.2832016
-0.8385908
0.80638653
-0.38141686
0.19884148
-0.61340404
-0.67892385
-0.53532994
0.9892731
-0.9231142
-0.31882656
-0.19487666
0.6944575
-0.44138673
0.38315982
0.12856285
0.26917905
-0.31600937
0.22828253
-0.008182658
-1.0249057
-0.541809
0.52310115
-0.09351959
-0.30222058
0.7079736
0.35336176
-0.058967665
-0.65890676
-0.9074202
0.2955072
0.3335731
0.43423706
-0.45735422
-0.7711843
-0.14404374
0.43033126
0.2527483
-1.1808408
-0.58234113
-0.43104506
-0.94934005
-0.0050980425
-0.67898166
0.035160024
0.53459513
-0.26630828
-0.6797183
0.4817136
0.8333281
-0.011853345
0.111072026
-0.8351749
-1.025838
0.25171444
0.11884493
-0.11897287
-0.96623915
-0.19591205
0.60717094
-0.9000404
-0.34180143
0.89500463
0.2832016
-0.8385908
0.80638653
-0.38141686
0.23775668
-0.12407612
-0.67892385
-0.53532994
0.9892731
-0.9231142
-0.31882656
-0.19487666
0.5897985
-0.39446804
0.38315982
0.12856285
0.26917905
-0.31600937
0.22828253
-0.16901807
-0.91293615
-0.541809
0.52310115
-0.09351959
-0.30222058
0.7079736
0.24848479
0.038862474
-0.65890676
-0.9074202
0.2955072
0.3335731
0.43423706
-0.48467016
-0.83570087
-0.14404374
0.43033126
0.2527483
-1.1808408
-0.58234113
-0.4988362
-0.97566843
-0.0050980425
-0.67898166
0.035160024
0.53459513
-0.26630828
-0.7455124
0.49986675
0.8333281
-0.011853345
0.111072026
-0.8351749
-1.025838
0.28982627
0.048500545
-0.11897287
-0.96623915
-0.19591205
0.60717094
-0.9000404
-0.3612238
0.8571657
0.2832016
-0.8385908
0.80638653
-0.38141686
0.23775668
-0.141633
-0.412623
-0.53532994
0.9892731
-0.9231142
-0.31882656
-0.19487666
0.5897985
-0.44138673
0.4468357
0.12856285
0.26917905
-0.31600937
0.22828253
-0.16901807
-1.0249057
-0.43250567
0.52310115
-0.09351959
-0.30222058
0.7079736
0.24848479
-0.058967665
-0.58344376
-0.9074202
0.2955072
0.3335731
0.43423706
-0.48467016
-0.7711843
-0.11387839
0.43033126
0.2527483
-1.1808408
-0.58234113
-0.4988362
-0.94934005
0.06511555
-0.67898166
0.035160024
0.53459513
-0.26630828
-0.7455124
0.4817136
0.881396
-0.011853345
0.111072026
-0.8351749
-1.025838
0.28982627
0.11884493
-0.10138089
-0.96623915
-0.19591205
0.60717094
-0.9000404
-0.3612238
0.89500463
0.19446145
-0.8385908
0.80638653
-0.38141686
0.23775668
-0.141633
-0.43079466
0.11679695
0.9892731
-0.9231142
-0.31882656
-0.19487666
0.5897985
-0.44138673
0.38315982
0.08123254
0.26917905
-0.31600937
0.22828253
-0.16901807
-1.0249057
-0.541809
0.43313152
-0.09351959
-0.30222058
0.7079736
0.24848479
-0.058967665
-0.65890676
-0.9545978
0.2955072
0.3335731
0.43423706
-0.48467016
-0.7711843
-0.14404374
0.44279563
0.2527483
-1.1808408
-0.58234113
-0.4988362
-0.94934005
-0.0050980425
-0.6867447
0.035160024
0.53459513
-0.26630828
-0.7455124
0.4817136
0.8333281
-0.015095188
0.111072026
-0.8351749
-1.025838
0.28982627
0.11884493
-0.11897287
-0.9202746
-0.19591205
0.60717094
-0.9000404
-0.3612238
0.89500463
0.2832016
-0.7461074
0.80638653
-0.38141686
0.23775668
-0.141633
-0.43079466
0.03623508
-1.0517064
-0.9231142
-0.31882656
-0.19487666
0.5897985
-0.44138673
0.38315982
0.12856285
0.36828342
-0.31600937
0.22828253
-0.16901807
-1.0249057
-0.541809
0.52310115
0.09896031
-0.30222058
0.7079736
0.24848479
-0.058967665
-0.65890676
-0.9074202
0.492511
0.3335731
0.43423706
-0.48467016
-0.7711843
-0.14404374
0.43033126
0.099521145
-1.1808408
-0.58234113
-0.4988362
-0.94934005
-0.0050980425
-0.67898166
-0.07478398
0.53459513
-0.26630828
-0.7455124
0.4817136
0.8333281
-0.011853345
0.15455405
-0.8351749
-1.025838
0.28982627
0.11884493
-0.11897287
-0.96623915
-0.37044504
0.60717094
-0.9000404
-0.3612238
0.89500463
0.2832016
-0.8385908
0.6221492
-0.38141686
0.23775668
-0.141633
-0.43079466
0.03623508
-1.0162959
0.7563741
-0.31882656
-0.19487666
0.5897985
-0.44138673
0.38315982
0.12856285
0.26917905
-0.26566297
0.22828253
-0.16901807
-1.0249057
-0.541809
0.52310115
-0.09351959
-0.27511692
0.7079736
0.24848479
-0.058967665
-0.65890676
-0.9074202
0.2955072
0.3093154
0.43423706
-0.48467016
-0.7711843
-0.14404374
0.43033126
0.2527483
-1.1874934
-0.58234113
-0.4988362
-0.94934005
-0.0050980425
-0.67898166
0.035160024
0.5083952
-0.26630828
-0.7455124
0.4817136
0.8333281
-0.011853345
0.111072026
-0.8688648
-1.025838
0.28982627
0.11884493
-0.11897287
-0.96623915
-0.19591205
0.5887458
-0.9000404
-0.3612238
0.89500463
0.2832016
-0.8385908
0.80638653
-0.34868938
0.23775668
-0.141633
-0.43079466
0.03623508
-1.0162959
0.70230895
-0.31385118
-0.19487666
0.5897985
-0.44138673
0.38315982
0.12856285
0.26917905
-0.31600937
0.3431638
-0.16901807
-1.0249057
-0.541809
0.52310115
-0.09351959
-0.30222058
0.84095967
0.24848479
-0.058967665
-0.65890676
-0.9074202
0.2955072
0.3335731
0.538847
-0.48467016
-0.7711843
-0.14404374
0.43033126
0.2527483
-1.1808408
-0.55271894
-0.4988362
-0.94934005
-0.0050980425
-0.67898166
0.035160024
0.53459513
-0.23575093
-0.7455124
0.4817136
0.8333281
-0.011853345
0.111072026
-0.8351749
-0.956594
0.28982627
0.11884493
-0.11897287
-0.96623915
-0.19591205
0.60717094
-0.9107333
-0.3612238
0.89500463
0.2832016
-0.8385908
0.80638653
-0.38141686
0.26206127
-0.141633
-0.43079466
0.03623508
-1.0162959
0.70230895
-0.2945831
-0.70581776
0.5897985
-0.44138673
0.38315982
0.12856285
0.26917905
-0.31600937
0.22828253
-0.12243857
-1.0249057
-0.541809
0.52310115
-0.09351959
-0.30222058
0.7079736
0.28009093
-0.058967665
-0.65890676
-0.9074202
0.2955072
0.3335731
0.43423706
-0.4660118
-0.7711843
-0.14404374
0.43033126
0.2527483
-1.1808408
-0.58234113
-0.5268529
-0.94934005
-0.0050980425
-0.67898166
0.035160024
0.53459513
-0.26630828
-0.8014985
0.4817136
0.8333281
-0.011853345
0.111072026
-0.8351749
-1.025838
0.26711884
0.11884493
-0.11897287
-0.96623915
-0.19591205
0.60717094
-0.9000404
-0.38816056
0.89500463
0.2832016
-0.8385908
0.80638653
-0.38141686
0.23775668
-0.20704399
-0.43079466
0.03623508
-1.0162959
0.70230895
-0.2945831
-0.7017257
0.49504623
-0.44138673
0.38315982
0.12856285
0.26917905
-0.31600937
0.22828253
-0.16901807
-1.0329044
-0.541809
0.52310115
-0.09351959
-0.30222058
0.7079736
0.24848479
-0.0958952
-0.65890676
-0.9074202
0.2955072
0.3335731
0.43423706
-0.48467016
-0.8270745
-0.14404374
0.43033126
0.2527483
-1.1808408
-0.58234113
-0.4988362
-0.9431434
-0.0050980425
-0.67898166
0.035160024
0.53459513
-0.26630828
-0.7455124
0.46896145
0.8333281
-0.011853345
0.111072026
-0.8351749
-1.025838
0.28982627
0.09685445
-0.11897287
-0.96623915
-0.19591205
0.60717094
-0.9000404
-0.3612238
0.8890473
0.2832016
-0.8385908
0.80638653
-0.38141686
0.23775668
-0.141633
-0.5524882
0.03623508
-1.0162959
0.70230895
-0.2945831
-0.7017257
0.5221842
0.3961816
0.38315982
0.12856285
0.26917905
-0.31600937
0.22828253
-0.16901807
-1.0249057
-0.72868603
0.52310115
-0.09351959
-0.30222058
0.7079736
0.24848479
-0.058967665
-0.9214889
-0.9074202
0.2955072
0.3335731
0.43423706
-0.48467016
-0.7711843
-0.39146727
0.43033126
0.2527483
-1.1808408
-0.58234113
-0.4988362
-0.94934005
-0.03682584
-0.67898166
0.035160024
0.53459513
-0.26630828
-0.7455124
0.4817136
0.7602832
-0.011853345
0.111072026
-0.8351749
-1.025838
0.28982627
0.11884493
-0.26636562
-0.96623915
-0.19591205
0.60717094
-0.9000404
-0.3612238
0.89500463
0.24675642
-0.8385908
0.80638653
-0.38141686
0.23775668
-0.141633
-0.43079466
-2.0534918E-4
-1.0162959
0.70230895
-0.2945831
-0.7017257
0.5221842
0.40277904
0.8292759
0.12856285
0.26917905
-0.31600937
0.22828253
-0.16901807
-1.0249057
-0.541809
0.515873
-0.09351959
-0.30222058
0.7079736
0.24848479
-0.058967665
-0.65890676
-0.9021148
0.2955072
0.3335731
0.43423706
-0.48467016
-0.7711843
-0.14404374
0.4390166
0.2527483
-1.1808408
-0.58234113
-0.4988362
-0.94934005
-0.0050980425
-0.65962625
0.035160024
0.53459513
-0.26630828
-0.7455124
0.4817136
0.8333281
0.019484214
0.111072026
-0.8351749
-1.025838
0.28982627
0.11884493
-0.11897287
-0.95580035
-0.19591205
0.60717094
-0.9000404
-0.3612238
0.89500463
0.2832016
-0.8209628
0.80638653
-0.38141686
0.23775668
-0.141633
-0.43079466
0.03623508
-1.0209706
0.70230895
-0.2945831
-0.7017257
0.5221842
0.40277904
0.92315215
-0.31712034
0.26917905
-0.31600937
0.22828253
-0.16901807
-1.0249057
-0.541809
0.52310115
-0.202156
-0.30222058
0.7079736
0.24848479
-0.058967665
-0.65890676
-0.9074202
0.17230049
0.3335731
0.43423706
-0.48467016
-0.7711843
-0.14404374
0.43033126
0.13943481
-1.1808408
-0.58234113
-0.4988362
-0.94934005
-0.0050980425
-0.67898166
0.050095547
0.53459513
-0.26630828
-0.7455124
0.4817136
0.8333281
-0.011853345
0.14010425
-0.8351749
-1.025838
0.28982627
0.11884493
-0.11897287
-0.96623915
-0.22720489
0.60717094
-0.9000404
-0.3612238
0.89500463
0.2832016
-0.8385908
0.8433045
-0.38141686
0.23775668
-0.141633
-0.43079466
0.03623508
-1.0162959
0.875128
-0.2945831
-0.7017257
0.5221842
0.40277904
0.92315215
-0.34809452
-0.89657915
-0.31600937
0.22828253
-0.16901807
-1.0249057
-0.541809
0.52310115
-0.09351959
-0.22799908
0.7079736
0.24848479
-0.058967665
-0.65890676
-0.9074202
0.2955072
0.47398233
0.43423706
-0.48467016
-0.7711843
-0.14404374
0.43033126
0.2527483
-1.0810145
-0.58234113
-0.4988362
-0.94934005
-0.0050980425
-0.67898166
0.035160024
0.48084176
-0.26630828
-0.7455124
0.4817136
0.8333281
-0.011853345
0.111072026
-0.8585133
-1.025838
0.28982627
0.11884493
-0.11897287
-0.96623915
-0.19591205
0.61320037
-0.9000404
-0.3612238
0.89500463
0.2832016
-0.8385908
0.80638653
-0.48749825
0.23775668
-0.141633
-0.43079466
0.03623508
-1.0162959
0.70230895
-0.38208053
-0.7017257
0.5221842
0.40277904
0.92315215
-0.34809452
-0.86768657
-0.20319484
0.22828253
-0.16901807
-1.0249057
-0.541809
0.52310115
-0.09351959
-0.30222058
0.798964
0.24848479
-0.058967665
-0.65890676
-0.9074202
0.2955072
0.3335731
0.53741693
-0.48467016
-0.7711843
-0.14404374
0.43033126
0.2527483
-1.1808408
-0.5567613
-0.4988362
-0.94934005
-0.0050980425
-0.67898166
0.035160024
0.53459513
-0.20250955
-0.7455124
0.4817136
0.8333281
-0.011853345
0.111072026
-0.8351749
-0.9530447
0.28982627
0.11884493
-0.11897287
-0.96623915
-0.19591205
0.60717094
-0.8891996
-0.3612238
0.89500463
0.2832016
-0.8385908
0.80638653
-0.38141686
0.25780377
-0.141633
-0.43079466
0.03623508
-1.0162959
0.70230895
-0.2945831
-0.6903068
0.5221842
0.40277904
0.92315215
-0.34809452
-0.86768657
-0.23101471
-0.9735582
-0.16901807
-1.0249057
-0.541809
0.52310115
-0.09351959
-0.30222058
0.7079736
0.21509032
-0.058967665
-0.65890676
-0.9074202
0.2955072
0.3335731
0.43423706
-0.51792216
-0.7711843
-0.14404374
0.43033126
0.2527483
-1.1808408
-0.58234113
-0.56101227
-0.94934005
-0.0050980425
-0.67898166
0.035160024
0.53459513
-0.26630828
-0.6588421
0.4817136
0.8333281
-0.011853345
0.111072026
-0.8351749
-1.025838
0.3973165
0.11884493
-0.11897287
-0.96623915
-0.19591205
0.60717094
-0.9000404
-0.36015564
0.89500463
0.2832016
-0.8385908
0.80638653
-0.38141686
0.23775668
-0.08089758
-0.43079466
0.03623508
-1.0162959
0.70230895
-0.2945831
-0.7017257
0.65336716
0.40277904
0.92315215
-0.34809452
-0.86768657
-0.23101471
-1.0112388
-0.603733
-1.0249057
-0.541809
0.52310115
-0.09351959
-0.30222058
0.7079736
0.24848479
-0.017228385
-0.65890676
-0.9074202
0.2955072
0.3335731
0.43423706
-0.48467016
-0.66653943
-0.14404374
0.43033126
0.2527483
-1.1808408
-0.58234113
-0.4988362
-0.8518714
-0.0050980425
-0.67898166
0.035160024
0.53459513
-0.26630828
-0.7455124
0.45809036
0.8333281
-0.011853345
0.111072026
-0.8351749
-1.025838
0.28982627
0.14250317
-0.11897287
-0.96623915
-0.19591205
0.60717094
-0.9000404
-0.3612238
0.9577705
0.2832016
-0.8385908
0.80638653
-0.38141686
0.23775668
-0.141633
-0.48449492
0.03623508
-1.0162959
0.70230895
-0.2945831
-0.7017257
0.5221842
0.46761075
0.92315215
-0.34809452
-0.86768657
-0.23101471
-1.0112388
-0.6170895
0.54513454
